dataset_index
1213
1216
1219
1220
1221
1222
1223
1225
1227
1228
1229
1230
1232
1233
1234
1236
1237
1239
1240
1241
1242
1243
1244
1245
1246
1247
1248
1249
1250
1251
1253
1254
1255
1256
1257
1258
1259
1262
1263
1264
1265
1266
1267
1268
1269
1270
1271
1272
1273
1274
1275
1276
1277
1278
1279
1281
1282
1284
1289
1290
1292
1293
1295
1296
1297
1298
1299
1300
1302
1303
1304
1305
1307
1308
1310
1311
1312
1314
1316
1318
1321
1322
1323
1324
1325
1326
1327
1330
1331
1333
1334
1335
1336
1338
1339
1340
1341
1342
1343
1344
1345
1347
1348
1349
1350
1352
1353
1354
1355
1356
1357
1358
1359
1360
1362
1363
1364
1365
1366
1367
1368
1369
1370
1371
1372
1373
1374
1375
1376
1377
1378
1379
1380
1381
1382
1384
1385
1386
1387
1388
1389
1391
1392
1393
1394
1395
1396
1397
1398
1399
1400
1401
1402
1404
1406
1408
1409
1410
1411
1412
1413
1414
1415
1416
1417
1418
1419
1420
1421
1422
1424
1425
1426
1427
1428
1429
1431
1432
1433
1436
1437
1438
1439
1440
1442
1443
1444
1445
1447
1448
1451
1452
1453
1454
1456
1457
1458
1459
1460
1461
1462
1463
1465
1466
1467
1470
1471
1472
1473
1474
1476
1477
1478
1479
1480
1481
